/usr/bin/python3.6 /home/inesjusto/Documents/5ano/Information-Retrieval/Assignment3/main.py -f ./data/metadata_2020-12-01.csv -t 1 -q ./data/queries.txt -r 0 -p 1 -b 1
start memory available: 43.027887236870264%
available memory: 6.141687986526624 %
Read last document from corpus reader
available memory: 26.49209086737639 %
indexing into blocks: 13.0 minutes and 26.75333255499936 seconds
merging dictionary fase and writting index to disk
merge and write of final dictionary: 15.0 minutes and 34.19035672800237 seconds
Indexing total time - better tokenizer: 29.0 min and 0.944472086001042 seconds
Searching time for all queries: 1.0 min and 18.700082387982548 seconds
Ranking time for all queries: 0.0 min and 0.03885082400665851 seconds
------------------------------------------------------------------------------------------------------------------------------------------------------------------------
        |        Precision          |          Recall           |        F-measure          |     Average Precision     |           NDCG            |      Latency
Query # |  @10      @20      @50    |  @10      @20      @50    |  @10      @20      @50    |  @10      @20      @50    |  @10      @20      @50    |
------------------------------------------------------------------------------------------------------------------------------------------------------------------------

 1    #      0.00     0.00     2.00      0.00     0.00     0.14      0.00     0.00     0.27      0.00     0.00     2.78      0.00     0.00    19.34          0.82

 2    #      0.00     0.00     0.00      0.00     0.00     0.00      0.00     0.00     0.00      0.00     0.00     0.00      0.00     0.00     0.00          1.00

 3    #      0.00     0.00     2.00      0.00     0.00     0.15      0.00     0.00     0.28      0.00     0.00     2.22      0.00     0.00    18.21          2.09

 4    #      0.00     0.00     0.00      0.00     0.00     0.00      0.00     0.00     0.00      0.00     0.00     0.00      0.00     0.00     0.00          0.54

 5    #      0.00     0.00     4.00      0.00     0.00     0.31      0.00     0.00     0.57      0.00     0.00     4.16      0.00     0.00    19.94          3.03

 6    #      0.00    10.00     6.00      0.00     0.20     0.30      0.00     0.39     0.57      0.00    10.05     9.73      0.00    25.61    25.15          2.03

 7    #      0.00     0.00     2.00      0.00     0.00     0.19      0.00     0.00     0.35      0.00     0.00     3.03      0.00     0.00    19.82          0.97

 8    #      0.00     0.00     0.00      0.00     0.00     0.00      0.00     0.00     0.00      0.00     0.00     0.00      0.00     0.00     0.00          0.43

 9    #      0.00     0.00     2.00      0.00     0.00     0.48      0.00     0.00     0.77      0.00     0.00     3.45      0.00     0.00    20.58          0.22

10    #     10.00     5.00     2.00      0.20     0.20     0.20      0.39     0.39     0.37     14.29    14.29    14.29     35.62    35.62    35.62          0.55

11    #      0.00     0.00     0.00      0.00     0.00     0.00      0.00     0.00     0.00      0.00     0.00     0.00      0.00     0.00     0.00          0.53

12    #      0.00     0.00     0.00      0.00     0.00     0.00      0.00     0.00     0.00      0.00     0.00     0.00      0.00     0.00     0.00          0.32

13    #      0.00     0.00     0.00      0.00     0.00     0.00      0.00     0.00     0.00      0.00     0.00     0.00      0.00     0.00     0.00          0.39

14    #      0.00     0.00     0.00      0.00     0.00     0.00      0.00     0.00     0.00      0.00     0.00     0.00      0.00     0.00     0.00          0.78

15    #      0.00     0.00     0.00      0.00     0.00     0.00      0.00     0.00     0.00      0.00     0.00     0.00      0.00     0.00     0.00          0.44

16    #      0.00     0.00     2.00      0.00     0.00     0.24      0.00     0.00     0.43      0.00     0.00     3.85      0.00     0.00    21.27          0.98

17    #     20.00    10.00     4.00      0.28     0.28     0.28      0.55     0.54     0.52     60.00    60.00    60.00     65.05    65.05    65.05          0.65

18    #     10.00     5.00     2.00      0.15     0.15     0.15      0.30     0.29     0.28     25.00    25.00    25.00     50.00    50.00    50.00          0.46

19    #      0.00     0.00     4.00      0.00     0.00     1.71      0.00     0.00     2.40      0.00     0.00     3.88      0.00     0.00    18.97          0.39

20    #      0.00     0.00     8.00      0.00     0.00     0.53      0.00     0.00     0.99      0.00     0.00     6.23      0.00     0.00    22.30          0.64

21    #      0.00     0.00     0.00      0.00     0.00     0.00      0.00     0.00     0.00      0.00     0.00     0.00      0.00     0.00     0.00          0.28

22    #     10.00     5.00     2.00      0.17     0.17     0.17      0.33     0.33     0.31     25.00    25.00    25.00     50.00    50.00    50.00          0.36

23    #      0.00     5.00     2.00      0.00     0.25     0.25      0.00     0.48     0.45      0.00     8.33     8.33      0.00    27.89    27.89          0.28

24    #      0.00     0.00     0.00      0.00     0.00     0.00      0.00     0.00     0.00      0.00     0.00     0.00      0.00     0.00     0.00          0.27

25    #      0.00     0.00     0.00      0.00     0.00     0.00      0.00     0.00     0.00      0.00     0.00     0.00      0.00     0.00     0.00          0.22

26    #      0.00     0.00     0.00      0.00     0.00     0.00      0.00     0.00     0.00      0.00     0.00     0.00      0.00     0.00     0.00          0.47

27    #      0.00     0.00     0.00      0.00     0.00     0.00      0.00     0.00     0.00      0.00     0.00     0.00      0.00     0.00     0.00          0.22

28    #     10.00     5.00     2.00      0.16     0.16     0.16      0.32     0.31     0.30     50.00    50.00    50.00    100.00   100.00   100.00          0.26

29    #      0.00     0.00     0.00      0.00     0.00     0.00      0.00     0.00     0.00      0.00     0.00     0.00      0.00     0.00     0.00          0.61

30    #      0.00     0.00     0.00      0.00     0.00     0.00      0.00     0.00     0.00      0.00     0.00     0.00      0.00     0.00     0.00          0.32

31    #      0.00     0.00     0.00      0.00     0.00     0.00      0.00     0.00     0.00      0.00     0.00     0.00      0.00     0.00     0.00          1.10

32    #      0.00     0.00     0.00      0.00     0.00     0.00      0.00     0.00     0.00      0.00     0.00     0.00      0.00     0.00     0.00          0.35

33    #      0.00     0.00     0.00      0.00     0.00     0.00      0.00     0.00     0.00      0.00     0.00     0.00      0.00     0.00     0.00          0.65

34    #      0.00     0.00     0.00      0.00     0.00     0.00      0.00     0.00     0.00      0.00     0.00     0.00      0.00     0.00     0.00          0.30

35    #      0.00     0.00     4.00      0.00     0.00     0.84      0.00     0.00     1.38      0.00     0.00     4.79      0.00     0.00    20.19          0.35

36    #     10.00     5.00     6.00      0.15     0.15     0.44      0.29     0.29     0.83     10.00    10.00     8.27     30.10    30.10    26.59          0.44

37    #      0.00     0.00     2.00      0.00     0.00     0.19      0.00     0.00     0.36      0.00     0.00     2.33      0.00     0.00    18.43          0.20

38    #      0.00     0.00     0.00      0.00     0.00     0.00      0.00     0.00     0.00      0.00     0.00     0.00      0.00     0.00     0.00          1.34

39    #      0.00     0.00     2.00      0.00     0.00     0.10      0.00     0.00     0.19      0.00     0.00     2.08      0.00     0.00    17.91          1.76

40    #     10.00     5.00     2.00      0.17     0.17     0.17      0.33     0.33     0.31     33.33    33.33    33.33     63.09    63.09    63.09          0.28

41    #      0.00     0.00     2.00      0.00     0.00     0.28      0.00     0.00     0.49      0.00     0.00     3.70      0.00     0.00    21.03          0.50

42    #      0.00     0.00     0.00      0.00     0.00     0.00      0.00     0.00     0.00      0.00     0.00     0.00      0.00     0.00     0.00          0.99

43    #      0.00     0.00     0.00      0.00     0.00     0.00      0.00     0.00     0.00      0.00     0.00     0.00      0.00     0.00     0.00          0.33

44    #     10.00     5.00     2.00      0.18     0.18     0.18      0.36     0.36     0.34     20.00    20.00    20.00     43.07    43.07    43.07          0.66

45    #      0.00     0.00     0.00      0.00     0.00     0.00      0.00     0.00     0.00      0.00     0.00     0.00      0.00     0.00     0.00          0.65

46    #      0.00     0.00     0.00      0.00     0.00     0.00      0.00     0.00     0.00      0.00     0.00     0.00      0.00     0.00     0.00          0.26

47    #      0.00     0.00     0.00      0.00     0.00     0.00      0.00     0.00     0.00      0.00     0.00     0.00      0.00     0.00     0.00          0.89

48    #      0.00     0.00     0.00      0.00     0.00     0.00      0.00     0.00     0.00      0.00     0.00     0.00      0.00     0.00     0.00          0.38

49    #      0.00     0.00     0.00      0.00     0.00     0.00      0.00     0.00     0.00      0.00     0.00     0.00      0.00     0.00     0.00          3.29

50    #      0.00     0.00     0.00      0.00     0.00     0.00      0.00     0.00     0.00      0.00     0.00     0.00      0.00     0.00     0.00          0.73

Mean         1.80     1.20     1.32      0.03     0.04     0.15      0.06     0.07     0.26      4.75     5.12     5.93      8.74     9.81    14.49          0.48

Query Throughput: 1389.24 Queries/s

Median query latency:   0.48 ms

Process finished with exit code 0
